url_path,views_total,views_unique
/L2S-lab/natnet_ros_cpp,85,41
/L2S-lab/natnet_ros_cpp/blob/main/src/internal.cpp,10,4
/L2S-lab/natnet_ros_cpp/tree/main/src,9,3
/L2S-lab/natnet_ros_cpp/blob/main/src/natnet_ros.cpp,8,3
/L2S-lab/natnet_ros_cpp/blob/main/src/nn_filter.cpp,8,3
/L2S-lab/natnet_ros_cpp/blob/main/launch/natnet_ros.launch,8,2
/L2S-lab/natnet_ros_cpp/issues,7,5
/L2S-lab/natnet_ros_cpp/tree/main/deps/NatNetSDK,7,2
/L2S-lab/natnet_ros_cpp/blob/main/img/ui-1.png,6,3
/L2S-lab/natnet_ros_cpp/blob/main/src/marker_poses_server.cpp,6,2
